% #!/usr/bin/octave --persist
% Generated by BenfWaves - http://code.google.com/p/benfwaves
% Tested on Matlab R2013a

% Profile variables

originalFile = 'Serialized\100ksine.XML.test.csv';
fileNumber   = 'S039';
firmware     = 'V3.61';

voltageDiv   = 1;
attenuation  = 1;
vsens        = 0.0022;
vdiffMax     = 8;
rin          = 546000;

timeDiv      = 5E-06;
timeRange    = 0.004098;
sampleCount  = 4098;
firstIndex   = 0;
samplingFreq = sampleCount / timeRange;
sampPerDiv   = samplingFreq * timeDiv;
divRange     = timeRange / timeDiv;
fastSampMode = 'DisabledByTimescale';

triggerIndex = 1371;
triggerKind  = 'EdgeRising';
triggerMode  = 'AUTO';
triggerLevel = 1;
triggerSens  = 0;
triggerLow   = triggerLevel - triggerSens;
triggerHigh  = triggerLevel + triggerSens;


% Data series

voltages = [ ...
-1.317;	-1.782;	-1.541;	-0.716;	0.398;	1.369;	1.828;	1.558;	0.725;	-0.37;
-1.336;	-1.778;	-1.523;	-0.683;	0.429;	1.388;	1.828;	1.539;	0.694;	-0.405;
-1.358;	-1.782;	-1.51;	-0.653;	0.464;	1.412;	1.83;	1.523;	0.662;	-0.442;
-1.384;	-1.785;	-1.486;	-0.622;	0.496;	1.432;	1.83;	1.504;	0.631;	-0.472;
-1.404;	-1.782;	-1.469;	-0.594;	0.527;	1.454;	1.83;	1.486;	0.601;	-0.503;
-1.425;	-1.785;	-1.452;	-0.559;	0.559;	1.476;	1.83;	1.465;	0.57;	-0.533;
-1.445;	-1.782;	-1.43;	-0.524;	0.592;	1.497;	1.828;	1.445;	0.535;	-0.568;
-1.462;	-1.785;	-1.41;	-0.494;	0.625;	1.515;	1.828;	1.423;	0.505;	-0.598;
-1.484;	-1.78;	-1.388;	-0.459;	0.657;	1.534;	1.824;	1.404;	0.472;	-0.631;
-1.502;	-1.776;	-1.369;	-0.427;	0.692;	1.552;	1.822;	1.382;	0.44;	-0.664;
-1.519;	-1.774;	-1.345;	-0.392;	0.723;	1.573;	1.815;	1.358;	0.407;	-0.694;
-1.541;	-1.772;	-1.325;	-0.361;	0.753;	1.591;	1.813;	1.336;	0.374;	-0.725;
-1.558;	-1.767;	-1.301;	-0.326;	0.783;	1.604;	1.806;	1.31;	0.34;	-0.76;
-1.576;	-1.761;	-1.277;	-0.292;	0.814;	1.624;	1.8;	1.288;	0.307;	-0.79;
-1.589;	-1.761;	-1.254;	-0.259;	0.847;	1.639;	1.793;	1.262;	0.27;	-0.816;
-1.604;	-1.752;	-1.23;	-0.226;	0.877;	1.652;	1.787;	1.24;	0.239;	-0.847;
-1.619;	-1.745;	-1.206;	-0.192;	0.908;	1.669;	1.78;	1.217;	0.207;	-0.879;
-1.632;	-1.737;	-1.182;	-0.159;	0.936;	1.682;	1.772;	1.19;	0.174;	-0.905;
-1.645;	-1.728;	-1.156;	-0.126;	0.966;	1.698;	1.763;	1.164;	0.141;	-0.936;
-1.661;	-1.724;	-1.129;	-0.094;	0.995;	1.711;	1.754;	1.138;	0.107;	-0.966;
-1.671;	-1.715;	-1.101;	-0.057;	1.021;	1.719;	1.745;	1.112;	0.076;	-0.992;
-1.682;	-1.706;	-1.079;	-0.024;	1.049;	1.732;	1.735;	1.088;	0.039;	-1.019;
-1.695;	-1.695;	-1.051;	0.009;	1.075;	1.741;	1.724;	1.06;	0.009;	-1.049;
-1.706;	-1.684;	-1.027;	0.044;	1.103;	1.756;	1.713;	1.032;	-0.026;	-1.077;
-1.715;	-1.674;	-0.995;	0.078;	1.132;	1.767;	1.7;	1.005;	-0.059;	-1.103;
-1.728;	-1.661;	-0.966;	0.111;	1.162;	1.776;	1.689;	0.975;	-0.094;	-1.129;
-1.737;	-1.65;	-0.938;	0.148;	1.184;	1.787;	1.676;	0.947;	-0.124;	-1.156;
-1.743;	-1.639;	-0.91;	0.178;	1.21;	1.798;	1.661;	0.921;	-0.157;	-1.182;
-1.754;	-1.626;	-0.879;	0.213;	1.236;	1.804;	1.647;	0.888;	-0.194;	-1.206;
-1.758;	-1.61;	-0.851;	0.246;	1.26;	1.808;	1.632;	0.864;	-0.22;	-1.23;
-1.765;	-1.595;	-0.825;	0.276;	1.284;	1.815;	1.617;	0.831;	-0.257;	-1.256;
-1.772;	-1.58;	-0.792;	0.311;	1.306;	1.819;	1.597;	0.805;	-0.285;	-1.28;
-1.774;	-1.567;	-0.766;	0.342;	1.33;	1.824;	1.587;	0.775;	-0.32;	-1.304;
-1.78;	-1.55;	-0.733;	0.374;	1.354;	1.826;	1.569;	0.744;	-0.35;	-1.325;
-1.78;	-1.532;	-0.703;	0.409;	1.373;	1.828;	1.552;	0.716;	-0.385;	-1.345;
-1.78;	-1.521;	-0.672;	0.442;	1.399;	1.83;	1.534;	0.683;	-0.42;	-1.367;
-1.782;	-1.499;	-0.64;	0.474;	1.421;	1.83;	1.517;	0.653;	-0.448;	-1.386;
-1.785;	-1.482;	-0.612;	0.507;	1.441;	1.832;	1.521;	0.62;	-0.481;	-1.412;
-1.782;	-1.465;	-0.577;	0.54;	1.462;	1.832;	1.497;	0.59;	-0.516;	-1.432;
-1.782;	-1.445;	-0.546;	0.57;	1.484;	1.83;	1.458;	0.559;	-0.546;	-1.449;
-1.787;	-1.425;	-0.516;	0.603;	1.502;	1.828;	1.436;	0.524;	-0.579;	-1.471;
-1.782;	-1.404;	-0.483;	0.635;	1.521;	1.826;	1.417;	0.496;	-0.609;	-1.491;
-1.778;	-1.386;	-0.45;	0.668;	1.539;	1.824;	1.395;	0.461;	-0.644;	-1.506;
-1.776;	-1.362;	-0.416;	0.699;	1.558;	1.819;	1.378;	0.431;	-0.672;	-1.523;
-1.774;	-1.343;	-0.387;	0.729;	1.578;	1.817;	1.356;	0.398;	-0.703;	-1.547;
-1.772;	-1.319;	-0.353;	0.762;	1.593;	1.813;	1.328;	0.368;	-0.731;	-1.558;
-1.765;	-1.295;	-0.318;	0.792;	1.61;	1.806;	1.308;	0.333;	-0.766;	-1.578;
-1.763;	-1.271;	-0.285;	0.823;	1.626;	1.8;	1.282;	0.296;	-0.797;	-1.591;
-1.756;	-1.247;	-0.25;	0.855;	1.639;	1.793;	1.26;	0.268;	-0.827;	-1.608;
-1.75;	-1.225;	-0.218;	0.884;	1.658;	1.787;	1.234;	0.233;	-0.857;	-1.621;
-1.743;	-1.201;	-0.187;	0.912;	1.669;	1.776;	1.21;	0.202;	-0.884;	-1.634;
-1.735;	-1.175;	-0.155;	0.942;	1.684;	1.772;	1.186;	0.168;	-0.914;	-1.652;
-1.728;	-1.149;	-0.115;	0.971;	1.7;	1.761;	1.16;	0.133;	-0.942;	-1.663;
-1.719;	-1.123;	-0.085;	0.999;	1.713;	1.752;	1.134;	0.102;	-0.968;	-1.671;
-1.715;	-1.099;	-0.05;	1.027;	1.726;	1.743;	1.11;	0.067;	-0.999;	-1.684;
-1.7;	-1.071;	-0.017;	1.058;	1.735;	1.732;	1.082;	0.037;	-1.025;	-1.698;
-1.691;	-1.045;	0.02;	1.084;	1.748;	1.719;	1.053;	0;	-1.058;	-1.708;
-1.682;	-1.016;	0.052;	1.112;	1.761;	1.708;	1.025;	-0.035;	-1.084;	-1.717;
-1.671;	-0.988;	0.085;	1.14;	1.769;	1.695;	0.997;	-0.07;	-1.112;	-1.732;
-1.656;	-0.96;	0.122;	1.169;	1.778;	1.684;	0.964;	-0.1;	-1.136;	-1.739;
-1.647;	-0.931;	0.155;	1.188;	1.789;	1.671;	0.94;	-0.133;	-1.164;	-1.748;
-1.634;	-0.901;	0.189;	1.219;	1.798;	1.656;	0.91;	-0.17;	-1.186;	-1.754;
-1.619;	-0.871;	0.224;	1.245;	1.804;	1.643;	0.879;	-0.202;	-1.212;	-1.761;
-1.604;	-0.842;	0.259;	1.271;	1.811;	1.628;	0.851;	-0.235;	-1.243;	-1.767;
-1.589;	-0.81;	0.294;	1.295;	1.817;	1.608;	0.82;	-0.27;	-1.264;	-1.772;
-1.573;	-0.779;	0.326;	1.319;	1.824;	1.595;	0.79;	-0.305;	-1.291;	-1.778;
-1.558;	-0.746;	0.363;	1.345;	1.826;	1.576;	0.755;	-0.337;	-1.312;	-1.78;
-1.541;	-0.716;	0.396;	1.365;	1.828;	1.558;	0.729;	-0.37;	-1.334;	-1.78;
-1.528;	-0.688;	0.424;	1.388;	1.83;	1.543;	0.696;	-0.407;	-1.36;	-1.78;
-1.506;	-0.653;	0.461;	1.412;	1.828;	1.523;	0.666;	-0.437;	-1.38;	-1.782;
-1.489;	-0.625;	0.494;	1.432;	1.832;	1.53;	0.633;	-0.466;	-1.404;	-1.782;
-1.471;	-0.592;	0.527;	1.454;	1.832;	1.506;	0.603;	-0.501;	-1.423;	-1.782;
-1.452;	-0.559;	0.557;	1.476;	1.828;	1.467;	0.57;	-0.533;	-1.441;	-1.785;
-1.43;	-0.527;	0.592;	1.497;	1.83;	1.447;	0.535;	-0.566;	-1.462;	-1.78;
-1.412;	-0.492;	0.625;	1.515;	1.826;	1.425;	0.507;	-0.598;	-1.482;	-1.778;
-1.393;	-0.464;	0.655;	1.532;	1.824;	1.406;	0.474;	-0.631;	-1.499;	-1.778;
-1.371;	-0.431;	0.683;	1.55;	1.819;	1.384;	0.444;	-0.659;	-1.517;	-1.776;
-1.351;	-0.4;	0.716;	1.569;	1.817;	1.362;	0.411;	-0.69;	-1.539;	-1.772;
-1.325;	-0.366;	0.749;	1.587;	1.813;	1.338;	0.379;	-0.72;	-1.552;	-1.767;
-1.306;	-0.333;	0.777;	1.602;	1.808;	1.317;	0.346;	-0.753;	-1.571;	-1.765;
-1.282;	-0.298;	0.812;	1.621;	1.802;	1.295;	0.309;	-0.781;	-1.587;	-1.756;
-1.258;	-0.266;	0.842;	1.634;	1.795;	1.269;	0.281;	-0.812;	-1.6;	-1.752;
-1.236;	-0.233;	0.871;	1.652;	1.791;	1.247;	0.246;	-0.844;	-1.615;	-1.743;
-1.21;	-0.198;	0.901;	1.667;	1.78;	1.223;	0.215;	-0.871;	-1.628;	-1.739;
-1.184;	-0.17;	0.931;	1.678;	1.774;	1.197;	0.183;	-0.899;	-1.647;	-1.732;
-1.16;	-0.133;	0.958;	1.693;	1.767;	1.169;	0.146;	-0.934;	-1.656;	-1.724;
-1.136;	-0.098;	0.986;	1.704;	1.756;	1.143;	0.115;	-0.96;	-1.671;	-1.717;
-1.108;	-0.065;	1.016;	1.719;	1.748;	1.116;	0.076;	-0.99;	-1.682;	-1.706;
-1.084;	-0.03;	1.045;	1.73;	1.737;	1.088;	0.044;	-1.016;	-1.693;	-1.698;
-1.058;	0.002;	1.071;	1.743;	1.726;	1.064;	0.013;	-1.045;	-1.702;	-1.687;
-1.029;	0.035;	1.099;	1.754;	1.713;	1.04;	-0.017;	-1.069;	-1.713;	-1.676;
-1.001;	0.067;	1.127;	1.765;	1.704;	1.012;	-0.052;	-1.099;	-1.726;	-1.665;
-0.971;	0.107;	1.153;	1.776;	1.691;	0.979;	-0.083;	-1.123;	-1.732;	-1.652;
-0.945;	0.139;	1.177;	1.785;	1.678;	0.955;	-0.115;	-1.149;	-1.743;	-1.643;
-0.916;	0.172;	1.206;	1.795;	1.663;	0.923;	-0.157;	-1.177;	-1.752;	-1.628;
-0.884;	0.209;	1.232;	1.8;	1.65;	0.892;	-0.189;	-1.203;	-1.761;	-1.613;
-0.857;	0.244;	1.258;	1.811;	1.634;	0.864;	-0.22;	-1.23;	-1.765;	-1.597;
