% #!/usr/bin/octave --persist
% Generated by BenfWaves - http://code.google.com/p/benfwaves
% Tested on Matlab R2013a

% Profile variables

originalFile = 'Serialized\100ksquare.XML.test.csv';
fileNumber   = 'S038';
firmware     = 'V3.61';

voltageDiv   = 1;
attenuation  = 1;
vsens        = 0.0022;
vdiffMax     = 8;
rin          = 546000;

timeDiv      = 5E-06;
timeRange    = 0.004098;
sampleCount  = 4098;
firstIndex   = 0;
samplingFreq = sampleCount / timeRange;
sampPerDiv   = samplingFreq * timeDiv;
divRange     = timeRange / timeDiv;
fastSampMode = 'DisabledByTimescale';

triggerIndex = 1367;
triggerKind  = 'EdgeRising';
triggerMode  = 'AUTO';
triggerLevel = 1;
triggerSens  = 0;
triggerLow   = triggerLevel - triggerSens;
triggerHigh  = triggerLevel + triggerSens;


% Data series

voltages = [ ...
3.804;	3.815;	0.355;	0.15;	0.137;	0.126;	0.115;	3.556;	3.774;	3.793;
3.804;	3.813;	0.357;	0.152;	0.139;	0.126;	0.115;	3.556;	3.778;	3.795;
3.806;	3.815;	0.355;	0.152;	0.135;	0.126;	0.115;	3.556;	3.776;	3.791;
3.804;	3.815;	0.357;	0.155;	0.139;	0.126;	0.115;	3.554;	3.776;	3.793;
3.804;	3.817;	0.357;	0.152;	0.137;	0.124;	0.115;	3.558;	3.778;	3.793;
3.804;	3.815;	0.353;	0.152;	0.137;	0.126;	0.118;	3.556;	3.776;	3.791;
3.806;	3.813;	0.357;	0.155;	0.137;	0.126;	0.113;	3.554;	3.776;	3.793;
3.804;	3.815;	0.355;	0.152;	0.137;	0.124;	0.113;	3.556;	3.778;	3.793;
3.802;	3.815;	0.355;	0.152;	0.137;	0.126;	0.118;	3.554;	3.776;	3.791;
3.804;	3.817;	0.355;	0.152;	0.135;	0.126;	0.113;	3.556;	3.776;	3.793;
3.806;	3.811;	0.357;	0.152;	0.137;	0.126;	0.115;	3.556;	3.774;	3.793;
3.804;	3.813;	0.355;	0.152;	0.137;	0.124;	0.118;	3.554;	3.776;	3.793;
3.804;	3.817;	0.353;	0.155;	0.137;	0.128;	0.115;	3.556;	3.778;	3.793;
3.804;	3.815;	0.357;	0.155;	0.137;	0.126;	0.115;	3.558;	3.776;	3.791;
3.806;	3.815;	0.357;	0.15;	0.139;	0.126;	0.115;	3.556;	3.776;	3.793;
3.804;	3.817;	0.357;	0.152;	0.139;	0.126;	0.115;	3.556;	3.778;	3.795;
3.804;	3.815;	0.355;	0.152;	0.135;	0.126;	0.115;	3.554;	3.776;	3.793;
3.802;	3.815;	0.355;	0.152;	0.137;	0.126;	0.115;	3.554;	3.776;	3.793;
3.804;	3.815;	0.355;	0.152;	0.137;	0.122;	0.118;	3.556;	3.776;	3.791;
3.804;	3.815;	0.355;	0.152;	0.137;	0.126;	0.115;	3.556;	3.776;	3.791;
3.806;	3.813;	0.357;	0.152;	0.137;	0.126;	0.113;	3.556;	3.778;	3.793;
3.806;	3.813;	0.357;	0.15;	0.137;	0.128;	0.118;	3.556;	3.778;	3.793;
3.802;	3.815;	0.357;	0.152;	0.137;	0.126;	0.115;	3.554;	3.778;	3.791;
3.806;	3.817;	0.355;	0.152;	0.135;	0.126;	0.115;	3.558;	3.78;	3.795;
3.804;	3.813;	0.355;	0.152;	0.137;	0.126;	0.118;	3.556;	3.774;	3.793;
3.804;	3.815;	0.355;	0.152;	0.137;	0.124;	0.115;	3.554;	3.776;	3.793;
3.804;	3.817;	0.353;	0.155;	0.137;	0.126;	0.115;	3.556;	3.776;	3.791;
3.804;	3.815;	0.357;	0.152;	0.137;	0.126;	0.113;	3.554;	3.776;	3.791;
3.804;	3.817;	0.357;	0.15;	0.139;	0.124;	0.115;	3.556;	3.776;	3.793;
3.804;	3.815;	0.355;	0.152;	0.137;	0.128;	0.115;	3.556;	3.776;	3.791;
3.804;	3.815;	0.357;	0.152;	0.135;	0.126;	0.115;	3.554;	3.778;	3.795;
3.804;	3.815;	0.357;	0.152;	0.137;	0.126;	0.115;	3.556;	3.776;	3.795;
3.804;	3.815;	0.357;	0.152;	0.137;	0.124;	0.115;	3.554;	3.778;	3.793;
3.804;	3.815;	0.353;	0.157;	0.139;	0.126;	0.115;	3.556;	3.774;	3.793;
3.806;	3.815;	0.355;	0.155;	0.139;	0.124;	0.113;	3.556;	3.776;	3.793;
3.804;	3.813;	0.355;	0.15;	0.137;	0.126;	0.115;	3.554;	3.776;	3.793;
3.8;	3.815;	0.355;	0.152;	0.137;	0.126;	0.115;	3.554;	3.778;	3.793;
3.804;	3.817;	0.355;	0.152;	0.133;	0.126;	0.115;	3.556;	3.778;	3.791;
3.802;	3.815;	0.357;	0.152;	0.137;	0.126;	0.115;	3.556;	3.774;	3.793;
3.806;	3.815;	0.357;	0.155;	0.137;	0.122;	0.115;	3.556;	3.778;	3.795;
3.806;	3.815;	0.355;	0.155;	0.139;	0.126;	0.118;	3.556;	3.776;	3.791;
3.802;	3.815;	0.357;	0.152;	0.137;	0.124;	0.113;	3.556;	3.776;	3.793;
3.804;	3.817;	0.355;	0.15;	0.139;	0.126;	0.115;	3.556;	3.778;	3.793;
3.802;	3.815;	0.355;	0.152;	0.137;	0.126;	0.118;	3.554;	3.774;	3.791;
3.804;	3.815;	0.355;	0.152;	0.135;	0.126;	0.115;	3.554;	3.776;	3.795;
3.802;	3.813;	0.355;	0.152;	0.137;	0.126;	0.115;	3.556;	3.778;	3.793;
3.804;	3.815;	0.357;	0.152;	0.137;	0.122;	0.118;	3.554;	3.778;	3.791;
3.804;	3.817;	0.355;	0.152;	0.137;	0.126;	0.115;	3.556;	3.778;	3.793;
3.806;	3.815;	0.355;	0.152;	0.137;	0.126;	0.115;	3.556;	3.776;	3.793;
3.804;	3.813;	0.355;	0.15;	0.139;	0.126;	0.115;	3.554;	3.776;	3.795;
3.802;	3.817;	0.357;	0.152;	0.137;	0.126;	0.115;	3.556;	3.778;	3.795;
3.804;	3.815;	0.357;	0.152;	0.135;	0.126;	0.115;	3.558;	3.778;	3.791;
3.804;	3.815;	0.355;	0.152;	0.137;	0.126;	0.115;	3.556;	3.774;	3.793;
3.806;	3.813;	0.357;	0.152;	0.137;	0.124;	0.115;	3.556;	3.776;	3.795;
3.804;	3.813;	0.353;	0.152;	0.137;	0.126;	0.115;	3.554;	3.776;	3.791;
3.802;	3.815;	0.357;	0.152;	0.137;	0.126;	0.113;	3.556;	3.778;	3.793;
3.804;	3.815;	0.355;	0.152;	0.137;	0.126;	0.115;	3.556;	3.778;	3.791;
3.804;	3.817;	0.355;	0.152;	0.137;	0.126;	0.115;	3.554;	3.776;	3.793;
3.806;	3.813;	0.357;	0.152;	0.135;	0.126;	0.118;	3.554;	3.778;	3.795;
3.806;	3.813;	0.355;	0.152;	0.137;	0.126;	0.115;	3.556;	3.774;	3.793;
3.802;	3.815;	0.357;	0.155;	0.137;	0.124;	0.115;	3.556;	3.776;	3.793;
3.804;	3.817;	0.353;	0.152;	0.137;	0.126;	0.115;	3.556;	3.778;	3.791;
3.804;	3.815;	0.355;	0.152;	0.137;	0.126;	0.113;	3.556;	3.774;	3.791;
3.804;	3.813;	0.355;	0.15;	0.137;	0.126;	0.115;	3.554;	3.778;	3.793;
3.804;	3.815;	0.355;	0.152;	0.137;	0.126;	0.115;	3.554;	3.778;	3.791;
3.804;	3.815;	0.355;	0.152;	0.133;	0.126;	0.115;	3.554;	3.776;	3.791;
3.804;	3.815;	0.355;	0.152;	0.137;	0.126;	0.115;	3.556;	3.776;	3.795;
3.804;	3.815;	0.357;	0.152;	0.137;	0.124;	0.115;	3.558;	3.776;	3.793;
3.804;	3.813;	0.355;	0.152;	0.137;	0.126;	0.115;	3.554;	3.776;	3.793;
3.804;	3.817;	0.357;	0.152;	0.137;	0.126;	0.113;	3.556;	3.778;	3.793;
3.804;	3.815;	0.357;	0.15;	0.137;	0.126;	0.115;	3.556;	3.776;	3.791;
3.802;	3.817;	0.355;	0.152;	0.137;	0.126;	0.113;	3.554;	3.774;	3.793;
3.806;	3.815;	0.357;	0.152;	0.133;	0.124;	0.115;	3.556;	3.776;	3.793;
3.804;	3.813;	0.355;	0.152;	0.137;	0.126;	0.115;	3.554;	3.776;	3.793;
3.804;	3.815;	0.357;	0.152;	0.137;	0.124;	0.115;	3.556;	3.776;	3.793;
3.804;	3.815;	0.353;	0.152;	0.137;	0.126;	0.115;	3.556;	3.776;	3.789;
3.804;	3.815;	0.355;	0.152;	0.137;	0.126;	0.113;	3.556;	3.776;	3.793;
3.806;	3.815;	0.357;	0.15;	0.139;	0.126;	0.115;	3.556;	3.778;	3.793;
3.804;	3.815;	0.355;	0.152;	0.137;	0.126;	0.115;	3.554;	3.776;	3.793;
3.804;	3.815;	0.355;	0.155;	0.137;	0.126;	0.115;	3.556;	3.778;	3.791;
3.806;	3.815;	0.357;	0.152;	0.139;	0.124;	0.115;	3.556;	3.776;	3.793;
3.804;	3.815;	0.355;	0.152;	0.137;	0.124;	0.115;	3.556;	3.774;	3.793;
3.804;	3.815;	0.353;	0.152;	0.137;	0.126;	0.115;	3.554;	3.778;	3.791;
3.804;	3.815;	0.357;	0.152;	0.137;	0.126;	0.113;	3.556;	3.778;	3.793;
3.802;	3.813;	0.357;	0.152;	0.137;	0.128;	0.115;	3.556;	3.776;	3.789;
3.804;	3.817;	0.357;	0.152;	0.137;	0.126;	0.115;	3.556;	3.776;	3.795;
3.806;	3.815;	0.357;	0.152;	0.135;	0.126;	0.115;	3.558;	3.776;	3.793;
3.804;	3.813;	0.357;	0.152;	0.137;	0.126;	0.115;	3.554;	3.776;	3.795;
3.804;	3.817;	0.357;	0.152;	0.137;	0.124;	0.115;	3.556;	3.778;	3.795;
3.804;	3.815;	0.353;	0.155;	0.137;	0.126;	0.118;	3.556;	3.776;	3.789;
3.806;	3.815;	0.357;	0.155;	0.139;	0.126;	0.113;	3.556;	3.774;	3.793;
3.804;	3.815;	0.357;	0.15;	0.139;	0.126;	0.115;	3.556;	3.776;	3.793;
3.802;	3.815;	0.355;	0.152;	0.137;	0.126;	0.118;	3.554;	3.776;	3.793;
3.804;	3.817;	0.357;	0.152;	0.135;	0.126;	0.115;	3.556;	3.778;	3.793;
3.804;	3.815;	0.355;	0.152;	0.137;	0.128;	0.113;	3.558;	3.776;	3.793;
3.804;	3.815;	0.357;	0.152;	0.139;	0.124;	0.118;	3.556;	3.776;	3.793;
3.806;	3.813;	0.353;	0.155;	0.139;	0.126;	0.118;	3.554;	3.778;	3.793;
3.804;	3.815;	0.355;	0.152;	0.137;	0.126;	0.113;	3.556;	3.776;	3.793;
3.804;	3.815;	0.357;	0.15;	0.137;	0.126;	0.115;	3.556;	3.776;	3.793;
3.804;	3.817;	0.355;	0.152;	0.139;	0.124;	0.115;	3.554;	3.778;	3.791;
3.804;	3.815;	0.355;	0.152;	0.135;	0.126;	0.115;	3.554;	3.776;	3.793;
3.806;	3.813;	0.357;	0.152;	0.137;	0.126;	0.115;	3.554;	3.778;	3.793;
