% #!/usr/bin/octave --persist
% Generated by BenfWaves - http://code.google.com/p/benfwaves
% Tested on Matlab R2013a

% Profile variables

originalFile = 'Serialized\FBign21.XML.test.csv';
fileNumber   = 'S007';
firmware     = 'V3.43';

voltageDiv   = 1;
attenuation  = 1;
vsens        = 0.0022;
vdiffMax     = 8;
rin          = 546000;

timeDiv      = 0.002;
timeRange    = 0.32784;
sampleCount  = 4098;
firstIndex   = 0;
samplingFreq = sampleCount / timeRange;
sampPerDiv   = samplingFreq * timeDiv;
divRange     = timeRange / timeDiv;
fastSampMode = 'Disabled';

triggerIndex = 1485;
triggerKind  = 'EdgeRising';
triggerMode  = 'AUTO';
triggerLevel = -0.76;
triggerSens  = 0;
triggerLow   = triggerLevel - triggerSens;
triggerHigh  = triggerLevel + triggerSens;


% Data series

voltages = [ ...
0.2;	0.2;	0.2;	0.2;	0.2;	0.2;	0.2;	0.2;	0.2;	0.2;
0.2;	0.2;	0.2;	0.2;	0.16;	0.16;	0.16;	0.16;	0.16;	0.16;
0.16;	0.16;	0.16;	0.16;	0.16;	0.16;	0.16;	0.16;	0.16;	0.16;
0.16;	0.16;	0.16;	0.16;	0.16;	0.16;	0.16;	0.16;	0.16;	0.16;
0.16;	0.16;	0.16;	0.12;	0.12;	0.12;	0.12;	0.12;	0.12;	0.12;
0.12;	0.12;	0.12;	0.12;	0.12;	0.12;	0.12;	0.12;	0.12;	0.12;
0.12;	0.12;	0.12;	0.12;	0.12;	0.12;	0.12;	0.12;	0.12;	0.12;
0.12;	0.12;	0.12;	0.12;	0.12;	0.12;	0.12;	0.12;	0.12;	0.12;
0.12;	0.12;	0.12;	0.12;	0.12;	0.12;	0.12;	0.12;	0.12;	0.12;
0.12;	0.12;	0.12;	0.12;	0.12;	0.12;	0.12;	0.12;	0.12;	0.12;
0.12;	0.12;	0.12;	0.12;	0.12;	0.12;	0.12;	0.12;	0.12;	0.12;
0.12;	0.12;	0.12;	0.12;	0.12;	0.12;	0.12;	0.12;	0.12;	0.12;
0.12;	0.12;	0.12;	0.12;	0.12;	0.12;	0.12;	0.12;	0.12;	0.12;
0.12;	0.12;	0.12;	0.12;	0.12;	0.12;	0.12;	0.12;	0.12;	0.12;
0.12;	0.12;	0.12;	0.12;	0.12;	0.12;	0.12;	0.12;	0.12;	0.12;
0.12;	0.12;	0.12;	0.12;	0.12;	0.12;	0.12;	2.44;	0.76;	1.44;
1.44;	0.88;	1.44;	0.96;	1.12;	1.08;	0.88;	1.04;	0.88;	0.92;
0.88;	0.8;	0.8;	0.76;	0.72;	0.72;	0.64;	0.64;	0.6;	0.6;
0.56;	0.52;	0.52;	0.52;	0.48;	0.48;	0.44;	0.4;	0.28;	0.12;
-0.16;	-0.44;	-0.56;	-0.52;	-0.48;	-0.44;	-0.44;	-0.44;	-0.44;	-0.4;
-0.4;	-0.4;	-0.36;	-0.36;	-0.32;	-0.32;	-0.32;	-0.28;	-0.28;	-0.28;
-0.28;	-0.24;	-0.24;	-0.24;	-0.24;	-0.2;	-0.2;	-0.2;	-0.2;	-0.2;
-0.16;	-0.16;	-0.16;	-0.16;	-0.16;	-0.12;	-0.12;	-0.12;	-0.12;	-0.12;
-0.08;	-0.08;	-0.08;	-0.08;	-0.08;	-0.08;	-1.64;	-1.44;	-1.36;	-1.28;
-1.24;	-1.2;	-1.16;	-1.12;	-1.12;	-1.08;	-1.08;	-1.04;	-1;	-1;
-1;	-1;	-1.04;	-1.2;	-1.56;	-0.32;	1.24;	1.96;	1.56;	0.52;
-0.2;	-0.12;	0.44;	0.92;	1;	0.68;	0.36;	0.24;	0.36;	0.56;
0.64;	0.56;	0.44;	0.36;	0.36;	0.44;	0.48;	0.44;	0.4;	0.36;
0.36;	0.36;	0.4;	0.36;	0.36;	0.36;	0.32;	0.32;	0.32;	0.32;
0.32;	0.32;	0.32;	0.28;	0.28;	0.28;	0.28;	0.28;	0.28;	0.28;
0.28;	0.24;	0.24;	0.24;	0.24;	0.24;	0.24;	0.24;	0.24;	0.24;
0.2;	0.24;	0.2;	0.2;	0.2;	0.2;	0.2;	0.2;	0.2;	0.2;
0.2;	0.2;	0.2;	0.2;	0.2;	0.2;	0.2;	0.16;	0.16;	0.16;
0.16;	0.16;	0.16;	0.16;	0.16;	0.16;	0.16;	0.16;	0.16;	0.16;
0.16;	0.16;	0.16;	0.16;	0.16;	0.16;	0.16;	0.16;	0.16;	0.16;
0.16;	0.16;	0.12;	0.16;	0.16;	0.16;	0.12;	0.12;	0.12;	0.12;
0.12;	0.12;	0.12;	0.12;	0.12;	0.12;	0.12;	0.12;	0.12;	0.12;
0.12;	0.12;	0.12;	0.12;	0.12;	0.12;	0.12;	0.12;	0.12;	0.12;
0.12;	0.12;	0.12;	0.12;	0.12;	0.12;	0.12;	0.12;	0.12;	0.12;
0.12;	0.12;	0.12;	0.12;	0.12;	0.12;	0.12;	0.12;	0.12;	0.12;
0.12;	0.12;	0.12;	0.12;	0.12;	0.12;	0.12;	0.12;	0.12;	0.12;
0.12;	0.12;	0.12;	0.12;	0.12;	0.12;	0.12;	0.12;	0.12;	0.12;
0.12;	0.12;	0.12;	0.12;	0.12;	0.12;	0.12;	0.12;	0.12;	0.12;
0.12;	0.12;	0.12;	0.12;	0.12;	0.12;	0.12;	0.12;	0.12;	0.12;
0.12;	0.12;	0.12;	0.12;	0.12;	0.12;	0.12;	0.12;	0.12;	0.12;
0.12;	0.12;	0.12;	0.12;	0.12;	0.12;	0.12;	0.12;	0.12;	0.12;
0.12;	0.12;	0.12;	0.12;	0.12;	0.2;	2;	1.28;	0.96;	1.64;
0.84;	1.32;	1.12;	0.96;	1.16;	0.88;	1;	0.92;	0.84;	0.88;
0.8;	0.8;	0.76;	0.72;	0.72;	0.64;	0.64;	0.6;	0.6;	0.56;
0.52;	0.52;	0.48;	0.48;	0.44;	0.4;	0.36;	0.24;	0.04;	-0.2;
-0.48;	-0.56;	-0.52;	-0.44;	-0.44;	-0.44;	-0.44;	-0.4;	-0.4;	-0.4;
-0.36;	-0.36;	-0.36;	-0.36;	-0.32;	-0.32;	-0.28;	-0.28;	-0.28;	-0.28;
-0.24;	-0.24;	-0.24;	-0.24;	-0.24;	-0.2;	-0.2;	-0.2;	-0.16;	-0.16;
-0.16;	-0.16;	-0.16;	-0.16;	-0.12;	-0.12;	-0.12;	-0.12;	-0.12;	-0.08;
-0.08;	-1.32;	-1.24;	-1.28;	-1.12;	-1.12;	-1.24;	-1.16;	-1.12;	-1.12;
-1.08;	-1.04;	-1.04;	-1.04;	-1.04;	-1.08;	-1.08;	-1.16;	-1.28;	-1.76;
-1.28;	0.4;	1.8;	2;	1.12;	0.04;	-0.36;	0.08;	0.72;	1.04;
0.88;	0.52;	0.24;	0.24;	0.44;	0.6;	0.6;	0.52;	0.4;	0.36;
0.4;	0.44;	0.48;	0.44;	0.4;	0.36;	0.36;	0.36;	0.36;	0.36;
0.36;	0.32;	0.32;	0.32;	0.32;	0.32;	0.32;	0.28;	0.28;	0.28;
0.28;	0.28;	0.28;	0.28;	0.28;	0.28;	0.24;	0.24;	0.24;	0.24;
0.24;	0.24;	0.24;	0.24;	0.24;	0.24;	0.2;	0.2;	0.2;	0.2;
0.2;	0.2;	0.2;	0.2;	0.2;	0.2;	0.2;	0.2;	0.2;	0.2;
0.2;	0.2;	0.16;	0.16;	0.16;	0.16;	0.16;	0.16;	0.16;	0.16;
0.16;	0.16;	0.16;	0.16;	0.16;	0.16;	0.16;	0.16;	0.16;	0.16;
0.16;	0.16;	0.16;	0.16;	0.16;	0.16;	0.16;	0.16;	0.16;	0.16;
0.12;	0.12;	0.12;	0.12;	0.12;	0.12;	0.12;	0.12;	0.12;	0.12;
0.12;	0.12;	0.12;	0.12;	0.12;	0.12;	0.12;	0.12;	0.12;	0.12;
0.12;	0.12;	0.12;	0.12;	0.12;	0.12;	0.12;	0.12;	0.12;	0.12;
0.12;	0.12;	0.12;	0.12;	0.12;	0.12;	0.12;	0.12;	0.12;	0.12;
0.12;	0.12;	0.12;	0.12;	0.12;	0.12;	0.12;	0.12;	0.12;	0.12;
0.12;	0.12;	0.12;	0.12;	0.12;	0.12;	0.12;	0.12;	0.12;	0.12;
0.12;	0.12;	0.12;	0.12;	0.12;	0.12;	0.12;	0.12;	0.12;	0.12;
0.12;	0.12;	0.12;	0.12;	0.12;	0.12;	0.12;	0.12;	0.12;	0.12;
0.12;	0.12;	0.12;	0.12;	0.12;	0.12;	0.12;	0.12;	0.12;	0.12;
0.12;	0.12;	0.12;	0.12;	0.12;	0.12;	0.12;	0.12;	0.12;	0.12;
0.12;	0.12;	0.12;	0.12;	0.12;	0.12;	0.12;	0.12;	0.12;	0.12;
0.12;	2.4;	0.56;	1.68;	1.24;	1;	1.44;	0.92;	1.2;	1.04;
0.92;	1.04;	0.88;	0.92;	0.88;	0.8;	0.8;	0.76;	0.76;	0.72;
0.68;	0.64;	0.6;	0.6;	0.56;	0.56;	0.52;	0.48;	0.48;	0.44;
0.4;	0.4;	0.28;	0.12;	-0.12;	-0.4;	-0.56;	-0.52;	-0.48;	-0.44;
-0.44;	-0.44;	-0.44;	-0.4;	-0.4;	-0.36;	-0.36;	-0.36;	-0.36;	-0.32;
-0.32;	-0.32;	-0.28;	-0.28;	-0.28;	-0.24;	-0.24;	-0.24;	-0.24;	-0.2;
-0.2;	-0.2;	-0.2;	-0.16;	-0.16;	-0.16;	-0.16;	-0.16;	-0.16;	-0.12;
-0.12;	-0.12;	-0.12;	-0.12;	-0.08;	-0.12;	-0.08;	-1.12;	-1.28;	-1.24;
-1.28;	-1.24;	-1.16;	-1.12;	-1.08;	-1.08;	-1.04;	-1.04;	-1;	-1;
-1;	-1.04;	-1.04;	-1.08;	-1.16;	-1.4;	-1.56;	-0.08;	1.48;	2.04;
1.4;	0.32;	-0.28;	-0.08;	0.56;	1;	0.96;	0.6;	0.28;	0.24;
0.4;	0.6;	0.64;	0.56;	0.4;	0.36;	0.4;	0.44;	0.48;	0.44;
0.4;	0.36;	0.36;	0.36;	0.4;	0.36;	0.36;	0.36;	0.32;	0.32;
0.32;	0.32;	0.32;	0.32;	0.32;	0.28;	0.28;	0.28;	0.28;	0.28;
0.28;	0.28;	0.24;	0.24;	0.24;	0.24;	0.24;	0.24;	0.24;	0.24;
0.24;	0.24;	0.24;	0.2;	0.2;	0.2;	0.2;	0.2;	0.2;	0.2;
0.2;	0.2;	0.2;	0.2;	0.2;	0.2;	0.2;	0.2;	0.2;	0.16;
0.16;	0.16;	0.16;	0.16;	0.16;	0.16;	0.16;	0.16;	0.16;	0.16;
0.16;	0.16;	0.16;	0.16;	0.16;	0.16;	0.16;	0.16;	0.16;	0.16;
0.16;	0.16;	0.16;	0.16;	0.16;	0.16;	0.16;	0.12;	0.12;	0.12;
0.12;	0.12;	0.12;	0.12;	0.12;	0.12;	0.12;	0.12;	0.12;	0.12;
0.12;	0.12;	0.12;	0.12;	0.12;	0.12;	0.12;	0.12;	0.12;	0.12;
0.12;	0.12;	0.12;	0.12;	0.12;	0.12;	0.12;	0.12;	0.12;	0.12;
0.12;	0.12;	0.12;	0.12;	0.12;	0.12;	0.12;	0.12;	0.12;	0.12;
0.12;	0.12;	0.12;	0.12;	0.12;	0.12;	0.12;	0.12;	0.12;	0.12;
0.12;	0.12;	0.12;	0.12;	0.12;	0.12;	0.12;	0.12;	0.12;	0.12;
0.12;	0.12;	0.12;	0.12;	0.12;	0.12;	0.12;	0.12;	0.12;	0.12;
0.12;	0.12;	0.12;	0.12;	0.12;	0.12;	0.12;	0.12;	0.12;	0.12;
0.12;	0.12;	0.12;	0.12;	0.12;	0.12;	0.12;	0.12;	0.12;	0.12;
0.12;	0.12;	0.12;	0.12;	0.12;	0.12;	0.12;	0.12;	0.12;	0.12;
0.12;	0.12;	0.12;	0.12;	0.12;	0.12;	0.12;	0.12;	0.28;	1.88;
1.36;	0.88;	1.68;	0.88;	1.28;	1.16;	0.92;	1.16;	0.88;	1;
0.92;	0.84;	0.88;	0.8;	0.8;	0.76;	0.68;	0.72;	0.64;	0.64;
0.64;	0.56;	0.56;	0.52;	0.52;	0.48;	0.44;	0.44;	0.4;	0.36;
0.24;	0.04;	-0.2;	-0.48;	-0.56;	-0.52;	-0.44;	-0.44;	-0.44;	-0.44;
-0.4;	-0.4;	-0.4;	-0.36;	-0.36;	-0.36;	-0.32;	-0.32;	-0.32;	-0.32;
-0.28;	-0.28;	-0.28;	-0.24;	-0.24;	-0.24;	-0.24;	-0.2;	-0.2;	-0.2;
-0.2;	-0.16;	-0.16;	-0.16;	-0.16;	-0.16;	-0.12;	-0.12;	-0.12;	-0.12;
-0.12;	-0.12;	-0.12;	-0.08;	-0.08;	-0.08;	-0.08;	-1;	-1.28;	-1.2;
-1.24;	-1.16;	-1.12;	-1.16;	-1.08;	-1;	-1.04;	-1;	-0.96;	-0.96;
-0.92;	-0.92;	-0.92;	-0.92;	-0.96;	-1.04;	-1.6;	-1.72;	-0.08;	1.6;
