% #!/usr/bin/octave --persist
% Generated by BenfWaves - http://code.google.com/p/benfwaves
% Tested on Matlab R2013a

% Profile variables

originalFile = 'Serialized\FILE001.XML.test.csv';
fileNumber   = 'S001';
firmware     = 'V3.61';

voltageDiv   = 1;
attenuation  = 1;
vsens        = 0.0022;
vdiffMax     = 8;
rin          = 546000;

timeDiv      = 0.02;
timeRange    = 0.3278;
sampleCount  = 4098;
firstIndex   = 0;
samplingFreq = sampleCount / timeRange;
sampPerDiv   = samplingFreq * timeDiv;
divRange     = timeRange / timeDiv;
fastSampMode = 'Enabled';

triggerIndex = 1370;
triggerKind  = 'EdgeRising';
triggerMode  = 'AUTO';
triggerLevel = 2.96;
triggerSens  = 0;
triggerLow   = triggerLevel - triggerSens;
triggerHigh  = triggerLevel + triggerSens;


% Data series

voltages = [ ...
-0.004;	-0.004;	4.22;	4.202;	4.207;	-0.037;	-0.002;	-0.002;	4.222;	4.205;
4.207;	-0.03;	-0.004;	0;	4.207;	4.205;	4.205;	0.004;	-0.004;	-0.004;
4.124;	4.207;	4.207;	0.205;	0.017;	-0.002;	-0.004;	4.224;	4.207;	4.207;
-0.035;	0;	-0.004;	4.224;	4.211;	4.211;	-0.033;	-0.002;	-0.004;	4.209;
4.207;	4.207;	0.002;	-0.004;	-0.002;	4.126;	4.209;	4.207;	0.205;	0.017;
-0.007;	-0.004;	4.224;	4.205;	4.209;	-0.037;	0;	-0.007;	4.222;	4.205;
4.207;	-0.03;	-0.002;	-0.002;	4.205;	4.205;	4.209;	0.004;	-0.004;	-0.002;
4.126;	4.202;	4.207;	0.202;	0.015;	-0.004;	-0.004;	4.226;	4.211;	4.213;
-0.035;	-0.002;	-0.004;	4.224;	4.207;	4.207;	-0.03;	-0.002;	-0.004;	4.207;
4.207;	4.207;	0;	0;	-0.004;	4.124;	4.207;	4.207;	0.205;	0.015;
-0.004;	-0.004;	4.226;	4.207;	4.209;	-0.035;	-0.004;	-0.004;	4.222;	4.205;
4.209;	-0.033;	-0.002;	-0.007;	4.205;	4.207;	4.207;	0.004;	-0.002;	-0.004;
4.126;	4.211;	4.209;	0.205;	0.015;	-0.002;	-0.004;	4.222;	4.207;	4.207;
-0.037;	-0.002;	-0.004;	4.224;	4.209;	4.207;	-0.03;	-0.002;	-0.004;	4.209;
4.211;	4.209;	0.004;	-0.002;	-0.004;	4.128;	4.211;	4.209;	0.2;	0.017;
-0.004;	-0.004;	4.224;	4.209;	4.211;	-0.039;	-0.002;	-0.002;	4.222;	4.207;
4.211;	-0.03;	-0.004;	-0.002;	4.209;	4.207;	4.211;	0.004;	-0.002;	-0.007;
4.126;	4.207;	4.209;	0.202;	0.017;	-0.002;	-0.007;	4.224;	4.209;	4.207;
-0.037;	-0.004;	-0.004;	4.224;	4.209;	4.209;	-0.03;	-0.002;	-0.004;	4.209;
4.205;	4.209;	0.004;	-0.004;	-0.002;	4.126;	4.209;	4.205;	0.202;	0.017;
-0.004;	-0.004;	4.224;	4.209;	4.207;	-0.035;	0;	-0.004;	4.224;	4.207;
4.207;	-0.035;	-0.002;	-0.004;	4.209;	4.209;	4.211;	0.004;	-0.004;	-0.002;
4.126;	4.207;	4.209;	0.202;	0.017;	-0.007;	-0.002;	4.226;	4.211;	4.209;
-0.037;	-0.002;	-0.009;	4.224;	4.209;	4.209;	-0.03;	-0.004;	-0.004;	4.211;
4.211;	4.209;	0.004;	-0.004;	-0.004;	4.126;	4.207;	4.205;	0.205;	0.017;
-0.004;	-0.004;	4.226;	4.205;	4.209;	-0.035;	-0.002;	-0.004;	4.222;	4.207;
4.209;	-0.03;	-0.002;	-0.002;	4.207;	4.207;	4.207;	0;	-0.002;	-0.004;
4.124;	4.209;	4.207;	0.205;	0.013;	-0.004;	-0.004;	4.226;	4.209;	4.211;
-0.037;	-0.004;	-0.002;	4.224;	4.207;	4.207;	-0.028;	-0.002;	-0.007;	4.207;
4.205;	4.205;	0.002;	-0.004;	-0.002;	4.124;	4.207;	4.205;	0.202;	0.017;
-0.004;	-0.004;	4.226;	4.209;	4.209;	-0.037;	-0.002;	-0.004;	4.22;	4.205;
4.207;	-0.03;	-0.002;	-0.004;	4.202;	4.205;	4.205;	0.004;	-0.002;	-0.004;
4.122;	4.207;	4.207;	0.2;	0.022;	-0.002;	-0.004;	4.224;	4.205;	4.205;
-0.039;	-0.004;	-0.004;	4.22;	4.205;	4.205;	-0.03;	-0.004;	-0.002;	4.205;
4.205;	4.202;	0.004;	-0.002;	-0.007;	4.124;	4.209;	4.205;	0.202;	0.017;
-0.004;	-0.007;	4.222;	4.202;	4.207;	-0.037;	0;	-0.002;	4.222;	4.205;
4.207;	-0.03;	-0.002;	-0.002;	4.207;	4.205;	4.207;	0.002;	-0.004;	-0.002;
4.124;	4.209;	4.205;	0.202;	0.017;	-0.004;	-0.004;	4.224;	4.209;	4.207;
-0.037;	-0.004;	-0.007;	4.222;	4.207;	4.207;	-0.03;	-0.002;	-0.002;	4.207;
4.207;	4.207;	0.004;	-0.007;	-0.004;	4.124;	4.207;	4.207;	0.202;	0.02;
-0.007;	-0.004;	4.226;	4.209;	4.209;	-0.035;	-0.002;	-0.007;	4.222;	4.207;
4.209;	-0.03;	-0.002;	-0.002;	4.209;	4.207;	4.207;	0.002;	-0.002;	-0.002;
4.126;	4.209;	4.209;	0.202;	0.017;	-0.004;	-0.004;	4.226;	4.207;	4.207;
-0.037;	-0.002;	-0.004;	4.224;	4.209;	4.207;	-0.028;	-0.004;	-0.004;	4.209;
4.207;	4.207;	0;	-0.002;	-0.002;	4.126;	4.209;	4.205;	0.202;	0.017;
-0.002;	-0.002;	4.226;	4.207;	4.209;	-0.035;	-0.004;	-0.004;	4.222;	4.205;
4.207;	-0.03;	-0.002;	-0.007;	4.207;	4.207;	4.209;	0.002;	-0.002;	-0.002;
4.122;	4.207;	4.209;	0.205;	0.02;	-0.004;	-0.002;	4.224;	4.207;	4.207;
-0.035;	-0.002;	-0.002;	4.222;	4.207;	4.207;	-0.03;	-0.002;	-0.004;	4.207;
4.207;	4.205;	0.002;	-0.004;	-0.002;	4.126;	4.207;	4.207;	0.2;	0.017;
-0.004;	-0.004;	4.222;	4.205;	4.209;	-0.037;	-0.004;	-0.004;	4.222;	4.207;
4.209;	-0.028;	-0.004;	-0.002;	4.205;	4.205;	4.207;	0.002;	0;	-0.004;
4.124;	4.205;	4.205;	0.202;	0.017;	-0.004;	-0.007;	4.226;	4.207;	4.207;
-0.035;	-0.004;	-0.002;	4.222;	4.207;	4.205;	-0.026;	-0.004;	-0.004;	4.209;
4.207;	4.207;	0.004;	-0.002;	-0.004;	4.126;	4.209;	4.205;	0.202;	0.02;
-0.004;	-0.004;	4.224;	4.207;	4.207;	-0.035;	-0.004;	-0.004;	4.222;	4.205;
4.209;	-0.033;	0;	-0.004;	4.207;	4.207;	4.207;	0.002;	-0.007;	-0.002;
4.124;	4.209;	4.209;	0.202;	0.02;	-0.007;	-0.004;	4.224;	4.207;	4.207;
-0.037;	-0.002;	-0.007;	4.222;	4.205;	4.205;	-0.028;	-0.002;	-0.004;	4.209;
4.209;	4.209;	0.002;	-0.002;	-0.002;	4.128;	4.207;	4.207;	0.205;	0.017;
-0.004;	-0.004;	4.226;	4.207;	4.211;	-0.037;	-0.002;	-0.004;	4.222;	4.207;
4.207;	-0.03;	-0.002;	-0.002;	4.209;	4.209;	4.207;	0;	-0.004;	-0.004;
4.126;	4.209;	4.209;	0.205;	0.015;	-0.002;	-0.007;	4.226;	4.207;	4.205;
-0.037;	-0.007;	-0.004;	4.224;	4.209;	4.207;	-0.03;	-0.002;	-0.007;	4.207;
4.207;	4.205;	0.002;	-0.002;	-0.002;	4.124;	4.207;	4.209;	0.202;	0.015;
-0.004;	-0.004;	4.224;	4.207;	4.209;	-0.035;	-0.002;	-0.004;	4.222;	4.205;
4.209;	-0.028;	-0.002;	-0.007;	4.207;	4.209;	4.207;	0.004;	-0.002;	0;
4.122;	4.207;	4.207;	0.2;	0.017;	-0.004;	-0.002;	4.224;	4.207;	4.209;
-0.039;	-0.004;	-0.002;	4.222;	4.207;	4.207;	-0.03;	-0.004;	-0.004;	4.209;
4.207;	4.207;	0.002;	-0.004;	-0.007;	4.124;	4.205;	4.209;	0.205;	0.017;
-0.004;	-0.007;	4.222;	4.207;	4.207;	-0.035;	-0.002;	-0.002;	4.22;	4.207;
4.207;	-0.03;	-0.002;	-0.004;	4.207;	4.205;	4.205;	0.002;	-0.004;	0;
4.126;	4.207;	4.205;	0.205;	0.017;	-0.004;	-0.002;	4.224;	4.207;	4.207;
-0.037;	-0.002;	-0.004;	4.222;	4.205;	4.207;	-0.033;	-0.002;	-0.004;	4.207;
4.205;	4.209;	0.004;	-0.004;	-0.004;	4.126;	4.205;	4.207;	0.202;	0.02;
-0.007;	-0.004;	4.226;	4.207;	4.207;	-0.037;	0;	-0.007;	4.224;	4.207;
4.207;	-0.028;	-0.004;	-0.004;	4.211;	4.209;	4.207;	0.002;	-0.004;	-0.004;
4.126;	4.207;	4.209;	0.205;	0.02;	-0.004;	-0.004;	4.224;	4.205;	4.209;
-0.035;	0;	-0.004;	4.224;	4.211;	4.211;	-0.03;	-0.002;	-0.004;	4.209;
4.209;	4.209;	0;	-0.002;	-0.002;	4.126;	4.211;	4.207;	0.202;	0.015;
-0.004;	-0.002;	4.226;	4.209;	4.207;	-0.037;	-0.004;	-0.002;	4.222;	4.207;
4.205;	-0.03;	-0.004;	-0.004;	4.209;	4.209;	4.207;	0.002;	-0.004;	-0.004;
4.124;	4.207;	4.205;	0.202;	0.017;	-0.002;	-0.004;	4.224;	4.207;	4.207;
-0.035;	0;	-0.004;	4.22;	4.205;	4.207;	-0.03;	-0.002;	-0.002;	4.207;
4.207;	4.205;	0.002;	-0.002;	-0.004;	4.122;	4.209;	4.207;	0.2;	0.017;
-0.004;	-0.002;	4.222;	4.205;	4.207;	-0.037;	-0.004;	-0.004;	4.222;	4.207;
4.207;	-0.03;	-0.004;	-0.004;	4.207;	4.207;	4.209;	0.004;	-0.002;	-0.007;
4.126;	4.207;	4.207;	0.205;	0.017;	-0.002;	-0.007;	4.224;	4.209;	4.209;
-0.037;	-0.002;	-0.004;	4.22;	4.209;	4.207;	-0.03;	-0.002;	-0.004;	4.209;
4.207;	4.209;	0.002;	-0.004;	-0.004;	4.122;	4.207;	4.205;	0.202;	0.017;
-0.004;	-0.004;	4.224;	4.207;	4.205;	-0.037;	-0.004;	-0.002;	4.22;	4.207;
4.207;	-0.033;	-0.002;	-0.002;	4.207;	4.205;	4.207;	0.004;	-0.007;	-0.002;
4.124;	4.207;	4.207;	0.202;	0.017;	-0.007;	-0.004;	4.222;	4.205;	4.205;
-0.035;	-0.002;	-0.007;	4.218;	4.207;	4.209;	-0.028;	-0.002;	-0.004;	4.202;
4.205;	4.205;	0.002;	-0.004;	-0.002;	4.124;	4.207;	4.207;	0.205;	0.017;
-0.004;	-0.004;	4.226;	4.207;	4.207;	-0.035;	-0.004;	-0.002;	4.222;	4.207;
4.205;	-0.03;	-0.004;	-0.002;	4.209;	4.209;	4.209;	0.002;	-0.002;	-0.004;
4.128;	4.211;	4.213;	0.205;	0.015;	-0.004;	-0.004;	4.231;	4.211;	4.211;
-0.037;	-0.007;	-0.004;	4.226;	4.213;	4.215;	-0.028;	0;	-0.007;	4.211;
